$ANSIBLE_VAULT;1.1;AES256
38393864383665333866366563633261376637643038653864373766373538346537393863666236
3663393131393165663363356138643230663063623736360a303963623437623962343066313963
65396138643764633439323330643931633435336434666363366334666236383631663766333065
3866303233653664320a356630343933343439393437616339633865343432393632616335316632
32653136336136623430323861613932643666613966323239646463366432333639623630613533
32356639633063643339343265663132353364636532653631626232613835393735363334626131
65323032663833626237373966616639386637643133316330613534633139363864653665366533
33616534326463316265353135313838343333326336346264666337643361623133346433356661
35646331623438313965326638376364616533653835653464663332303165353536623833646539
33356330653464623835313037386330363438656230646431356134353330333532636264313539
33626161393835353837316230396562623336343232396665373765323031396231393561626464
61333439646264613131356237636463356263353635656462316235343130663538656231653938
65616265323332646162323734616261333535663066643635306361623766363039303539636634
64303632316434323035336462313162643331633530333166613936346162613338343730643130
35316665343466663537383236386539356236306262646336633535626362616531376130313631
33306239303232386562323366663932613739333636316233666264616238386466333831393330
39373761316230363166363235336366353832343436333864353030646436616139303166353631
30316162356434646331356337306663616332333337353436316130343238363864343136646431
35366132386163373962323165663331343031646562343839636462393730356631333530626463
39343230653133393538353636666238353139656461636233663139396162626266303632363961
63666435396536656265303730643762633863656538636262653633303137636230633035333936
64353431333834396531326364356564656662316661663161393964666638336435643435383836
65633037343233346536353164363536613639616164333032326339646335393035326232313363
64306530333666646665373265666264326138386131313136633663396434306532633933613732
32626565333436633930356431343539333264663965363838343438636133393036
