$ANSIBLE_VAULT;1.1;AES256
62656435656162613064353836326233326335626363663638646131343862653535633430373163
6337386161636266363866333636393363646465316236660a346632323863613230363433376463
32653733316662393664633637613737663363353939383737383232376636306664363431303530
6264323833303037310a313637626537653263303435373764376538313861373633343536633532
65396133346330326137323630623631393963363730376464626337383634613563353463373238
30346439653731663138643533316530393165616563333361336237613537616161323130353335
37323265313765396634346331633931323839616264336533666364326132343765323135306336
61373635653263646435356532626263303336646531373835623766616634636564313038616239
31616534386338663233386237666133376563663664626530636132323837643433623337363564
65643937383534326662663038313333343835643633656636326664303237316338343236363630
33393262623434663037313866376135613661643866643138613064626531343333396635383463
36373339323539373639333832383135663035386561666538613433313039616330636632656161
61666161316634633033643666363132396166353263376438366135333938626264626465336634
64343030626234323165636465666265393836303331353937636661303663343033336130396666
66386131643765316465623435633839616561626330363365666239373962326331326337366635
30393465643931303466336635343030666632353836316232363937316638373361366639316566
32373732343130313537396566666235663036373263396664373163663732353662666462393133
33623335666232633164306331366136633866626437383364363439346434396134313030326562
38363739633933316630646636393433393236666530383964373832303038646265363838656266
39396532353461653835366365633638366238303234643531323163613936643430643635316135
39613637306435626130396636366232336239333765646431363938633935636639653064666438
31353063363839623366343534343039333239316663333838613536663530623635313766303836
31636661646136386464653238396564373139663765626562623761313661663337386532366364
35353465313061343563333565626134643831343263663366663365326364656336323765313938
34366162313433326661613132333536353566373361616639623762663836363566336632366339
63616561326439663832663737393762356533326337666261303461643330333566323861663466
32666635373630333630346234373462653439663933666665646166323066386664353765613031
61316262633439643234616637623731363238306630346663613333353433653335636237356430
65626330393065623137353439316332353166633438626363616562316633386438613539313731
30303836356438633231633763393438653235666430636466636439346263383030656631383534
34356265353035383635386663613236356337363761366331393961346539666136613839626238
65383765393539366330633965363138346535353466376331316532653039656566323932646565
64663064396164333836303836353737666635666263643861356138336465376563343136316132
32353662316461383461343931663764653062336664383361646638633838383463353932386536
36363934313135303332373938643462353934356363313431653530373265663530313236316137
37313137353435363264613830656162386336623331336362376462633332326130303362616537
39616233396562313361336561616165396161333665373862663561626333643763343635303335
38383039373132343961313963313565343630623434373466633562323863303764643239346431
62376331333964376464333534336339386635633535336664383263636235333632653864663935
36373935373535306530323430666536333162363130326339326332613761313737386636333737
34643666646633643466316236643934346261336336653133396536333932316636616564356564
62626136326363336430613839623436613739313963373362393361633861336361313130373462
38633030386638656237616639343934373264366139643032356164313635366333366263343937
63373038363933303236336532653132353531393534363765653837643134666163623231393037
30366231653363396337356232636463366137333333373935616361373661333238356635623537
33393761623736353262656164396663306361353034626638333539623731353964626231386164
31663035366535343738313165623134316235343763663137636264363163393764343539323036
38613066646539366237363366383465666531626463316631663838636339613834323064303637
65306466626431306138666537636130663037636361316165633436656232326431383532643466
37343464366665353161306436356239636138343632383963663536353733303061343662616531
39633763636637363938643733363931326435663039396137386265643063373565626362623036
38363730333065623532393661663061316238356432313130376134376134353637633935636235
64343666333166633062613465653761646330373466633164626163616638333735333862326133
39366663393232616536323135363261393736343134613561316330643361306162343130643664
33323539663935396363303662616534656163393532616664393065643233626563643163306562
30383737386433303461636431366133373437343137633639376633633332613862616337616665
38633864623435613262363266323836366639343134613538386230613834653930346138366433
35303162663730303631633035653664613037326232333434396363646161653436626532316662
63306365333065656437326636363732636162313031653863396137363366383739373032343131
65646461373661323261393363663066653339663836636466396662356261656164346663323336
32313635316231636239343463323564666661383733343539663631613836356136396536336563
34636662363837353632643933656166363031643834303432323039326139306566343336333365
31376135356631396463653437626663376231623164373962663266626264323030643862313939
32626433303336663737313862343738363564333435643961306432623363303739356138646364
33376534333731393864386563303762366535636636643133353739616338383665656562326234
63653365656137646530323566393036643562393964613033396633386530623036633436646665
31623061343663313832396233626431616364326465323033363134653834656137356338316131
32663366303930666134653232316136313239646531383066643033653365313765633933393966
31363230626238663864386434386639323330363030663337366635643165363663393330613664
66616530656631666363346436396364323538333331396263353364383261656234303230656233
62626462303738333136356336663230376464343834663739316537383331396366656238303766
36363537663535366632613535646139353031366139356334363536323030633435623766623534
30616631326237323839323830663330343234633834373261346530376439346332623263393866
35646138353966323533356162316466376536323764336138343162353862623937626338393636
64303537613133393861366639623835353837383838323432616530656233393363633034316662
39323464303938396432313139373036613436393665353831373934323961313934376131323431
66616132383963366632613638623066373765313138383431393336636336663564396461336365
33376166333764383934646438646262613261663136326635653639343535393635623663373564
32393238383262663632363038663436383732666564333535333661646538383137363531613330
35353839616539366433383535356161646332313363323661653832333266613665373233366638
34336331626632346237336238383862343563343264346333626537303563666636383635323663
30393838623432666263373662663766316261616638656561313265353662303964376130303331
37636164306430386334666266316166383762376337363165623139353232373732313632343765
62383035653466653830653438636533366465366432343130316235616635303234353535353363
33373561623265383832386636613364326630626638396535303933653835366431613737616133
32666663623833656363366561663964316534326665336231393066653231386634633236386435
65356565393864326664366661396438333031643632396331366431396463653030383939346436
36343435376437363134623565303033646264353365346135666138366332343934313964626231
66633233643465393033366430653764653365363664373134656662633530326239373430336534
63373139636439326338353139633531363364656562626437353437383765643534656230353334
38386433373230303963363939633436386235613433386136643265313531623535643130633630
37653432326635656431313534326639393232643730663538316432626636656563613634643735
64303333626533626264336239623835316166343266396230656462393633356262356164633236
39656135323934333933396463396162333036396535333263666562353863633432323630636436
66623131303963326566336430326637373738366532333232313665643165353365313536613332
35613138333165623737306337343661326136306437656239323439666331633134666435356133
34396438303266656234383033346166626632653533393361666637323339373063373931393236
30353461616661643563633262373332326434323331383266633939643134666637633665353766
66373536366263356135653032353233633931396333666566633335646537623739363637326634
34376431613839646134666135343332316564633831343663633231626636383037386630393432
65356536636235623132666436616566666131303836303265306466666162656562303261653131
66323539303234366338326461613435386261383466383234666234313436376562616337313266
33303261643637306135353633383237336566363666616135653036376666633234656132346539
63313330313631393865646537356264343061343438386465663439656331636139613035383135
39316637316163623766303433333230646632323033666130306165393337343334303638646434
66343434303530303235633261633863383566353639393061353537653931386364383766353930
66663131383730326131636666646331336238353838633064623863313764663839633432613233
38623165356530373935383761613264376463656331343734633237356266646162663535306634
66626566306539333763623033313334333766363831363865386130333235323536663165393333
35626132326362613134633935643234356365633932346233656237313135616164323561313534
61303338633038646136383262653732323337623437653165313965383038663135373132303738
65353061623366653961643666306434356661303361303061663432366432626631373965623066
61396133393036396538663461323439633866353434376230626661386464613936323636343330
61396430383463383763613966636466373063333435313033313739383462393434346666383832
34333937363436383433623430663837626362643538303263663539393334323737333930633332
31366230316537653735623662653934333339363834326364653664393965666639313533376633
30303633306238623564643963343164633566653131653437626463626263663731643933623139
31386434336339656333386139376434333234666666393735666365383437613966336165623833
65663365626230313064306536366338376630376131313935383536626130653936623836363034
37663834366631333661656634356565633938303565356365643039633738313630306639653265
36613363313136666563383766396634356665646135343237393936366632646466656139343930
39346334653235393737343939383565633739633736383236663739343164666235666166643638
33653465626336663664373663386361373433336233353930376231613466633165653764663135
32323231376165653538366634363362363737356364386231306131643861373634366631346363
61313863303635653738373638663061613730383638613230633833336230656561333631623064
33663634373131343964336137396539353833333262386163623037663431656631336634356334
65323635366163373337343430386134306438633263313062313035316566653536366561303665
37626433343436663064306364646566336163643435653461303632646533626166383164613432
39653239373861366634393938353035653130623936303434623939303539303764393038383634
38613366646662346434636565306362613637343338353037626630363930656133343733396337
33643034393338613035663061366164363834613963363561356539333035623231323932303334
61653365323839353234656336346531643262346539363862623266353866623537396162383932
38343566633163623134643065316631656165306435373730663536623165383039633465353232
64333833663531373464356232633339353862393937666564623565663236653763653133626233
61366238373637323431363638343833346333353935623633316339356535646262383063326161
64343634633432316132306638613963643162623666393931313866323761636532643231363963
36666166656465383936353961636462393733326530326265353634313734396132323035323961
61383262383163623832623466346233366163636230303862633163633630626432646638656532
61613461383761306236643465396437396537373661623336653562656437393735393164623336
61323638303331353433633637336565373439326239356132383266393561626235613263353762
36623539643663373239333938333239393836653465373135653939656438343366626333303230
35346562656262383333323863346436326664333034333836373438626263646232626664636565
63363637306536313739643563323065613439653034373062373630343030356465396433663836
34353662616435343862333437373030336337623162323961623935343266663834316336376632
35323534343239653963643538396438393631386634346362643435363233633130383734326537
31653666323436373932313833333630383732363130373264636666336432373238396566616430
65393939356365636330663662383232373366623966626336663538333839393830326265353230
34623032623137643238356535613566353835336430633865396533363430363537653933666236
66383666656537616663383433323165643931383731663036343462383234323433343638306631
34656438613563343236376138333438346130343261643665376635396164323939353736386533
61303666366431326561306439393361656230313036366235363138393336613132393532396536
33373161613434383737633465363236653961366365353930616130373035313830626438356162
33633839633261376666633331343331356331616430363735663438336164353930373638663662
65656461393461656164623964303065613432353037666137653866643235316564663336656663
63343634346133383835373263646164623335636532393134656539316534616230386231303734
35383063333761653065393736353136306634336164376165323132396261653036336436393732
62313766646263346132363966343538373363333139613062393063393463346230316466386234
64393661623233333634623761343534633239316633326333363264626362376635393533393761
35326232613932653266306265383165303131353635323263316366363733396533326565633935
32323031396137373337646139363565343663323130313764313064613432636164623164303435
33643930613238303865343564393838633262323030306139343663666137666138653866363464
63643034326237633633373062666465393035343439343762386463633162393464623334323831
36633637383337323332633963636530643430666131613264616463303932663438303338356137
30626133323462313762393964313462616235393865383639346236633462393035316135333139
63323239343961303734303330373634626266363666653963633737363430643061643162323931
32396264393934353265376539626435313332393862303863336664653835656634303065643933
39636230356135646532303462653530666637346430383039363732386235313030373662643566
39323630356130356262336264653265353839623732376334346161653237613138316561366537
37336234626164376135336431653564363131346533616265626562393031323639656366636132
39353234373161653936313030363364326338633063636165366666666538656438653438616532
37363666373536356566636135373465643333383834336232313635393930353038666533303061
62656530333663376465353633323931386139643039326436383530366331383762333132633439
38326561646561343739643735316538656635663433313062343564623037343130313733356264
33643139626263343730323434343466363132613631313430613036373361336163616262643661
34353662646662633864306133306564653330356633366366313465346266366234373463636463
66313530316535303832
